0.0 11.0 5.0 
9.0 0.0 16.0 
10.0 8.0 0.0 
0.0 14.0 11.0 
13.0 0.0 17.0 
5.0 23.0 0.0 
0.0 13.0 18.0 
12.0 0.0 8.0 
23.0 19.0 0.0 
0.0 11.0 9.0 
20.0 0.0 9.0 
13.0 22.0 0.0 
0.0 17.0 9.0 
14.0 0.0 16.0 
22.0 8.0 0.0 
0.0 19.0 24.0 
9.0 0.0 5.0 
19.0 8.0 0.0 
0.0 23.0 9.0 
16.0 0.0 24.0 
10.0 21.0 0.0 
0.0 6.0 21.0 
15.0 0.0 14.0 
24.0 21.0 0.0 
0.0 24.0 21.0 
6.0 0.0 24.0 
19.0 15.0 0.0 
0.0 8.0 11.0 
14.0 0.0 23.0 
12.0 22.0 0.0 
0.0 22.0 14.0 
10.0 0.0 22.0 
9.0 5.0 0.0 
0.0 6.0 11.0 
24.0 0.0 11.0 
22.0 13.0 0.0 
0.0 21.0 18.0 
6.0 0.0 14.0 
15.0 9.0 0.0 
0.0 15.0 19.0 
7.0 0.0 18.0 
24.0 7.0 0.0 
0.0 18.0 13.0 
6.0 0.0 19.0 
19.0 17.0 0.0 
0.0 8.0 13.0 
10.0 0.0 23.0 
14.0 9.0 0.0 
0.0 21.0 20.0 
11.0 0.0 15.0 
6.0 12.0 0.0 
0.0 15.0 10.0 
22.0 0.0 20.0 
14.0 20.0 0.0 
0.0 14.0 17.0 
7.0 0.0 16.0 
9.0 6.0 0.0 
0.0 7.0 11.0 
10.0 0.0 11.0 
19.0 21.0 0.0 
0.0 15.0 11.0 
20.0 0.0 7.0 
18.0 11.0 0.0 
0.0 17.0 13.0 
19.0 0.0 15.0 
6.0 8.0 0.0 
0.0 17.0 15.0 
18.0 0.0 15.0 
9.0 23.0 0.0 
0.0 5.0 5.0 
24.0 0.0 15.0 
5.0 20.0 0.0 
0.0 19.0 15.0 
14.0 0.0 14.0 
24.0 13.0 0.0 
0.0 11.0 12.0 
16.0 0.0 23.0 
9.0 20.0 0.0 
0.0 20.0 23.0 
19.0 0.0 18.0 
6.0 21.0 0.0 
0.0 22.0 6.0 
23.0 0.0 20.0 
24.0 12.0 0.0 
0.0 8.0 18.0 
18.0 0.0 11.0 
18.0 6.0 0.0 
0.0 15.0 20.0 
14.0 0.0 11.0 
5.0 12.0 0.0 
0.0 11.0 18.0 
11.0 0.0 14.0 
16.0 17.0 0.0 
0.0 23.0 22.0 
13.0 0.0 9.0 
15.0 23.0 0.0 
0.0 8.0 6.0 
13.0 0.0 23.0 
19.0 24.0 0.0 
0.0 6.0 7.0 
9.0 0.0 14.0 
7.0 14.0 0.0 
0.0 12.0 12.0 
5.0 0.0 13.0 
14.0 10.0 0.0 
0.0 7.0 21.0 
18.0 0.0 20.0 
7.0 23.0 0.0 
0.0 22.0 22.0 
21.0 0.0 6.0 
12.0 22.0 0.0 
0.0 17.0 23.0 
10.0 0.0 9.0 
16.0 13.0 0.0 
0.0 22.0 15.0 
14.0 0.0 9.0 
10.0 7.0 0.0 
0.0 16.0 24.0 
20.0 0.0 12.0 
22.0 9.0 0.0 
0.0 9.0 22.0 
6.0 0.0 15.0 
13.0 11.0 0.0 
0.0 12.0 11.0 
15.0 0.0 7.0 
6.0 19.0 0.0 
0.0 11.0 18.0 
5.0 0.0 16.0 
5.0 17.0 0.0 
0.0 19.0 14.0 
12.0 0.0 10.0 
21.0 7.0 0.0 
0.0 23.0 8.0 
16.0 0.0 16.0 
19.0 14.0 0.0 
0.0 8.0 14.0 
16.0 0.0 24.0 
7.0 7.0 0.0 
0.0 19.0 5.0 
17.0 0.0 10.0 
24.0 10.0 0.0 
0.0 20.0 19.0 
23.0 0.0 5.0 
23.0 5.0 0.0 
0.0 6.0 19.0 
21.0 0.0 19.0 
6.0 22.0 0.0 
0.0 22.0 20.0 
23.0 0.0 14.0 
21.0 23.0 0.0 
0.0 6.0 12.0 
17.0 0.0 21.0 
8.0 20.0 0.0 
0.0 12.0 20.0 
10.0 0.0 10.0 
19.0 21.0 0.0 
0.0 17.0 6.0 
8.0 0.0 21.0 
15.0 20.0 0.0 
0.0 21.0 17.0 
7.0 0.0 13.0 
15.0 9.0 0.0 
0.0 8.0 20.0 
20.0 0.0 14.0 
13.0 22.0 0.0 
0.0 5.0 21.0 
11.0 0.0 22.0 
19.0 23.0 0.0 
0.0 9.0 17.0 
11.0 0.0 23.0 
14.0 13.0 0.0 
0.0 16.0 22.0 
13.0 0.0 10.0 
21.0 15.0 0.0 
0.0 11.0 19.0 
15.0 0.0 13.0 
24.0 9.0 0.0 
0.0 23.0 10.0 
10.0 0.0 21.0 
14.0 21.0 0.0 
0.0 7.0 14.0 
12.0 0.0 5.0 
14.0 20.0 0.0 
0.0 20.0 6.0 
9.0 0.0 21.0 
17.0 23.0 0.0 
0.0 10.0 6.0 
20.0 0.0 13.0 
8.0 22.0 0.0 
0.0 12.0 19.0 
18.0 0.0 5.0 
8.0 14.0 0.0 
0.0 7.0 17.0 
11.0 0.0 8.0 
18.0 19.0 0.0 
0.0 19.0 9.0 
8.0 0.0 22.0 
22.0 9.0 0.0 
0.0 19.0 19.0 
13.0 0.0 8.0 
16.0 20.0 0.0 
0.0 23.0 18.0 
6.0 0.0 10.0 
23.0 15.0 0.0 
0.0 23.0 12.0 
22.0 0.0 20.0 
17.0 16.0 0.0 
0.0 7.0 19.0 
12.0 0.0 13.0 
11.0 11.0 0.0 
0.0 10.0 17.0 
16.0 0.0 19.0 
21.0 17.0 0.0 
0.0 12.0 17.0 
24.0 0.0 13.0 
24.0 13.0 0.0 
0.0 18.0 14.0 
24.0 0.0 7.0 
22.0 6.0 0.0 
0.0 10.0 24.0 
22.0 0.0 18.0 
22.0 13.0 0.0 
0.0 10.0 12.0 
8.0 0.0 10.0 
16.0 10.0 0.0 
0.0 6.0 9.0 
13.0 0.0 9.0 
6.0 12.0 0.0 
0.0 16.0 14.0 
17.0 0.0 24.0 
24.0 18.0 0.0 
0.0 17.0 18.0 
14.0 0.0 8.0 
20.0 19.0 0.0 
0.0 23.0 9.0 
18.0 0.0 15.0 
23.0 17.0 0.0 
0.0 19.0 12.0 
8.0 0.0 13.0 
7.0 13.0 0.0 
0.0 13.0 18.0 
7.0 0.0 23.0 
16.0 14.0 0.0 
0.0 22.0 17.0 
16.0 0.0 6.0 
10.0 14.0 0.0 
0.0 13.0 17.0 
20.0 0.0 22.0 
18.0 17.0 0.0 
0.0 11.0 11.0 
20.0 0.0 21.0 
7.0 17.0 0.0 
0.0 19.0 20.0 
18.0 0.0 24.0 
5.0 21.0 0.0 
0.0 7.0 16.0 
14.0 0.0 13.0 
10.0 16.0 0.0 
0.0 19.0 15.0 
11.0 0.0 9.0 
15.0 6.0 0.0 
0.0 6.0 8.0 
19.0 0.0 21.0 
16.0 13.0 0.0 
0.0 13.0 11.0 
11.0 0.0 20.0 
22.0 11.0 0.0 
0.0 14.0 12.0 
19.0 0.0 22.0 
21.0 21.0 0.0 
0.0 5.0 8.0 
6.0 0.0 12.0 
23.0 12.0 0.0 
0.0 15.0 16.0 
15.0 0.0 8.0 
14.0 19.0 0.0 
0.0 14.0 8.0 
6.0 0.0 14.0 
16.0 21.0 0.0 
0.0 21.0 7.0 
20.0 0.0 13.0 
9.0 6.0 0.0 
0.0 16.0 16.0 
6.0 0.0 7.0 
13.0 8.0 0.0 
0.0 11.0 24.0 
20.0 0.0 22.0 
23.0 14.0 0.0 
0.0 7.0 16.0 
5.0 0.0 23.0 
24.0 10.0 0.0 
0.0 14.0 23.0 
15.0 0.0 16.0 
19.0 22.0 0.0 
0.0 6.0 14.0 
23.0 0.0 17.0 
13.0 23.0 0.0 
0.0 11.0 19.0 
7.0 0.0 11.0 
22.0 21.0 0.0 
