0.0 9.0 21.0 
24.0 0.0 16.0 
20.0 17.0 0.0 
0.0 9.0 6.0 
14.0 0.0 24.0 
20.0 16.0 0.0 
0.0 7.0 11.0 
12.0 0.0 5.0 
6.0 18.0 0.0 
0.0 23.0 15.0 
17.0 0.0 19.0 
18.0 14.0 0.0 
0.0 17.0 21.0 
22.0 0.0 19.0 
17.0 16.0 0.0 
0.0 13.0 19.0 
24.0 0.0 14.0 
19.0 10.0 0.0 
0.0 7.0 9.0 
8.0 0.0 10.0 
21.0 10.0 0.0 
0.0 10.0 13.0 
18.0 0.0 22.0 
8.0 13.0 0.0 
0.0 6.0 24.0 
19.0 0.0 10.0 
14.0 14.0 0.0 
0.0 11.0 23.0 
9.0 0.0 8.0 
11.0 15.0 0.0 
0.0 12.0 6.0 
15.0 0.0 24.0 
15.0 9.0 0.0 
0.0 8.0 15.0 
9.0 0.0 22.0 
16.0 16.0 0.0 
0.0 7.0 6.0 
21.0 0.0 11.0 
10.0 22.0 0.0 
0.0 8.0 17.0 
10.0 0.0 8.0 
13.0 14.0 0.0 
0.0 10.0 17.0 
24.0 0.0 5.0 
24.0 14.0 0.0 
0.0 24.0 20.0 
16.0 0.0 12.0 
16.0 23.0 0.0 
0.0 11.0 23.0 
5.0 0.0 23.0 
7.0 21.0 0.0 
0.0 8.0 13.0 
23.0 0.0 23.0 
20.0 7.0 0.0 
0.0 14.0 10.0 
17.0 0.0 21.0 
12.0 11.0 0.0 
0.0 21.0 13.0 
7.0 0.0 21.0 
9.0 24.0 0.0 
0.0 14.0 23.0 
22.0 0.0 13.0 
15.0 23.0 0.0 
0.0 7.0 19.0 
6.0 0.0 18.0 
22.0 8.0 0.0 
0.0 8.0 24.0 
20.0 0.0 20.0 
10.0 22.0 0.0 
0.0 19.0 16.0 
16.0 0.0 7.0 
8.0 21.0 0.0 
0.0 16.0 10.0 
7.0 0.0 23.0 
11.0 13.0 0.0 
0.0 11.0 10.0 
13.0 0.0 6.0 
23.0 24.0 0.0 
0.0 8.0 19.0 
19.0 0.0 14.0 
18.0 17.0 0.0 
0.0 12.0 23.0 
16.0 0.0 6.0 
16.0 5.0 0.0 
0.0 18.0 5.0 
23.0 0.0 12.0 
12.0 6.0 0.0 
0.0 16.0 20.0 
23.0 0.0 13.0 
16.0 15.0 0.0 
0.0 21.0 21.0 
19.0 0.0 23.0 
12.0 12.0 0.0 
0.0 23.0 15.0 
14.0 0.0 10.0 
24.0 24.0 0.0 
0.0 8.0 11.0 
7.0 0.0 13.0 
9.0 24.0 0.0 
0.0 21.0 21.0 
14.0 0.0 20.0 
5.0 19.0 0.0 
0.0 23.0 13.0 
10.0 0.0 21.0 
19.0 11.0 0.0 
0.0 19.0 8.0 
9.0 0.0 10.0 
16.0 10.0 0.0 
0.0 17.0 11.0 
15.0 0.0 8.0 
9.0 12.0 0.0 
0.0 8.0 23.0 
12.0 0.0 9.0 
22.0 20.0 0.0 
0.0 12.0 20.0 
24.0 0.0 12.0 
22.0 5.0 0.0 
0.0 12.0 16.0 
22.0 0.0 21.0 
11.0 22.0 0.0 
0.0 5.0 11.0 
21.0 0.0 17.0 
6.0 10.0 0.0 
0.0 5.0 7.0 
6.0 0.0 6.0 
5.0 18.0 0.0 
0.0 12.0 23.0 
23.0 0.0 8.0 
13.0 10.0 0.0 
0.0 13.0 21.0 
8.0 0.0 23.0 
10.0 11.0 0.0 
0.0 23.0 13.0 
23.0 0.0 24.0 
16.0 9.0 0.0 
0.0 6.0 18.0 
21.0 0.0 6.0 
21.0 21.0 0.0 
0.0 17.0 24.0 
13.0 0.0 7.0 
22.0 10.0 0.0 
0.0 24.0 19.0 
10.0 0.0 22.0 
17.0 7.0 0.0 
0.0 12.0 5.0 
15.0 0.0 18.0 
7.0 9.0 0.0 
0.0 5.0 23.0 
6.0 0.0 19.0 
18.0 13.0 0.0 
0.0 6.0 9.0 
19.0 0.0 22.0 
7.0 15.0 0.0 
0.0 24.0 13.0 
21.0 0.0 21.0 
5.0 5.0 0.0 
0.0 6.0 14.0 
21.0 0.0 13.0 
18.0 18.0 0.0 
0.0 17.0 18.0 
11.0 0.0 5.0 
6.0 20.0 0.0 
0.0 15.0 11.0 
22.0 0.0 14.0 
13.0 11.0 0.0 
0.0 11.0 24.0 
11.0 0.0 20.0 
10.0 19.0 0.0 
0.0 5.0 5.0 
14.0 0.0 8.0 
9.0 13.0 0.0 
0.0 6.0 23.0 
8.0 0.0 16.0 
7.0 14.0 0.0 
0.0 20.0 13.0 
11.0 0.0 8.0 
15.0 21.0 0.0 
0.0 9.0 20.0 
19.0 0.0 22.0 
6.0 11.0 0.0 
0.0 5.0 6.0 
14.0 0.0 12.0 
7.0 18.0 0.0 
0.0 19.0 18.0 
21.0 0.0 6.0 
5.0 23.0 0.0 
0.0 9.0 20.0 
18.0 0.0 24.0 
14.0 24.0 0.0 
0.0 22.0 14.0 
10.0 0.0 11.0 
16.0 8.0 0.0 
0.0 21.0 17.0 
6.0 0.0 12.0 
10.0 6.0 0.0 
0.0 19.0 11.0 
9.0 0.0 20.0 
8.0 13.0 0.0 
0.0 24.0 24.0 
9.0 0.0 6.0 
10.0 16.0 0.0 
0.0 24.0 24.0 
23.0 0.0 24.0 
7.0 10.0 0.0 
0.0 14.0 18.0 
14.0 0.0 21.0 
22.0 21.0 0.0 
0.0 16.0 10.0 
23.0 0.0 7.0 
21.0 16.0 0.0 
0.0 9.0 19.0 
23.0 0.0 6.0 
20.0 10.0 0.0 
0.0 10.0 21.0 
14.0 0.0 24.0 
16.0 9.0 0.0 
0.0 21.0 20.0 
22.0 0.0 7.0 
19.0 14.0 0.0 
0.0 13.0 5.0 
19.0 0.0 20.0 
9.0 11.0 0.0 
0.0 20.0 9.0 
17.0 0.0 13.0 
9.0 19.0 0.0 
0.0 16.0 19.0 
21.0 0.0 14.0 
12.0 6.0 0.0 
0.0 22.0 17.0 
9.0 0.0 13.0 
10.0 6.0 0.0 
0.0 14.0 21.0 
13.0 0.0 11.0 
14.0 21.0 0.0 
0.0 14.0 20.0 
8.0 0.0 13.0 
6.0 21.0 0.0 
0.0 6.0 14.0 
12.0 0.0 22.0 
10.0 17.0 0.0 
0.0 23.0 9.0 
9.0 0.0 19.0 
12.0 13.0 0.0 
0.0 19.0 17.0 
10.0 0.0 20.0 
20.0 18.0 0.0 
0.0 24.0 9.0 
19.0 0.0 14.0 
23.0 13.0 0.0 
0.0 11.0 20.0 
16.0 0.0 22.0 
10.0 16.0 0.0 
0.0 24.0 22.0 
21.0 0.0 13.0 
14.0 7.0 0.0 
0.0 9.0 21.0 
18.0 0.0 24.0 
15.0 16.0 0.0 
0.0 9.0 20.0 
16.0 0.0 21.0 
18.0 21.0 0.0 
0.0 23.0 5.0 
22.0 0.0 8.0 
5.0 16.0 0.0 
0.0 22.0 7.0 
16.0 0.0 8.0 
11.0 8.0 0.0 
0.0 13.0 21.0 
24.0 0.0 22.0 
21.0 13.0 0.0 
0.0 18.0 12.0 
24.0 0.0 13.0 
21.0 23.0 0.0 
0.0 23.0 11.0 
16.0 0.0 17.0 
21.0 20.0 0.0 
0.0 10.0 24.0 
21.0 0.0 22.0 
18.0 22.0 0.0 
0.0 21.0 10.0 
14.0 0.0 12.0 
6.0 17.0 0.0 
0.0 24.0 8.0 
10.0 0.0 10.0 
9.0 11.0 0.0 
0.0 6.0 14.0 
7.0 0.0 15.0 
12.0 12.0 0.0 
0.0 11.0 18.0 
9.0 0.0 24.0 
19.0 5.0 0.0 
0.0 9.0 8.0 
20.0 0.0 20.0 
10.0 14.0 0.0 
0.0 8.0 22.0 
23.0 0.0 23.0 
20.0 21.0 0.0 
0.0 13.0 5.0 
23.0 0.0 14.0 
15.0 5.0 0.0 
