0.0 17.0 11.0 
8.0 0.0 24.0 
10.0 5.0 0.0 
0.0 15.0 16.0 
10.0 0.0 23.0 
10.0 19.0 0.0 
0.0 21.0 7.0 
6.0 0.0 13.0 
7.0 22.0 0.0 
0.0 14.0 21.0 
14.0 0.0 23.0 
5.0 11.0 0.0 
0.0 14.0 10.0 
15.0 0.0 19.0 
6.0 17.0 0.0 
0.0 16.0 9.0 
15.0 0.0 9.0 
17.0 20.0 0.0 
0.0 20.0 22.0 
22.0 0.0 19.0 
8.0 20.0 0.0 
0.0 12.0 5.0 
23.0 0.0 7.0 
17.0 17.0 0.0 
0.0 13.0 13.0 
12.0 0.0 13.0 
21.0 13.0 0.0 
0.0 23.0 8.0 
17.0 0.0 19.0 
20.0 9.0 0.0 
0.0 23.0 12.0 
21.0 0.0 15.0 
22.0 10.0 0.0 
0.0 10.0 19.0 
15.0 0.0 10.0 
24.0 23.0 0.0 
0.0 22.0 20.0 
19.0 0.0 20.0 
13.0 18.0 0.0 
0.0 15.0 15.0 
17.0 0.0 21.0 
5.0 16.0 0.0 
0.0 18.0 16.0 
9.0 0.0 10.0 
19.0 14.0 0.0 
0.0 19.0 9.0 
13.0 0.0 20.0 
18.0 21.0 0.0 
0.0 15.0 7.0 
10.0 0.0 8.0 
8.0 14.0 0.0 
0.0 12.0 14.0 
20.0 0.0 24.0 
18.0 15.0 0.0 
0.0 15.0 22.0 
6.0 0.0 22.0 
15.0 19.0 0.0 
0.0 21.0 9.0 
7.0 0.0 16.0 
15.0 12.0 0.0 
0.0 10.0 6.0 
20.0 0.0 16.0 
11.0 24.0 0.0 
0.0 8.0 10.0 
11.0 0.0 11.0 
24.0 6.0 0.0 
0.0 16.0 22.0 
17.0 0.0 19.0 
6.0 8.0 0.0 
0.0 22.0 16.0 
7.0 0.0 23.0 
10.0 6.0 0.0 
0.0 8.0 10.0 
19.0 0.0 12.0 
21.0 16.0 0.0 
0.0 10.0 6.0 
15.0 0.0 5.0 
20.0 19.0 0.0 
0.0 24.0 21.0 
13.0 0.0 9.0 
16.0 18.0 0.0 
0.0 7.0 16.0 
18.0 0.0 11.0 
21.0 22.0 0.0 
0.0 17.0 9.0 
6.0 0.0 15.0 
19.0 24.0 0.0 
0.0 22.0 7.0 
20.0 0.0 8.0 
5.0 20.0 0.0 
0.0 15.0 23.0 
21.0 0.0 14.0 
10.0 15.0 0.0 
0.0 19.0 14.0 
8.0 0.0 14.0 
15.0 18.0 0.0 
0.0 17.0 10.0 
11.0 0.0 12.0 
6.0 21.0 0.0 
0.0 11.0 21.0 
17.0 0.0 5.0 
22.0 11.0 0.0 
0.0 20.0 12.0 
11.0 0.0 13.0 
10.0 8.0 0.0 
0.0 6.0 20.0 
20.0 0.0 15.0 
10.0 18.0 0.0 
0.0 23.0 13.0 
10.0 0.0 21.0 
7.0 20.0 0.0 
0.0 11.0 20.0 
19.0 0.0 22.0 
12.0 18.0 0.0 
0.0 18.0 23.0 
22.0 0.0 20.0 
20.0 18.0 0.0 
0.0 15.0 11.0 
20.0 0.0 19.0 
16.0 23.0 0.0 
0.0 18.0 13.0 
15.0 0.0 9.0 
13.0 21.0 0.0 
0.0 8.0 19.0 
19.0 0.0 24.0 
12.0 8.0 0.0 
0.0 13.0 10.0 
5.0 0.0 24.0 
11.0 5.0 0.0 
0.0 7.0 12.0 
24.0 0.0 10.0 
21.0 24.0 0.0 
0.0 14.0 9.0 
11.0 0.0 12.0 
17.0 24.0 0.0 
0.0 14.0 17.0 
12.0 0.0 5.0 
21.0 9.0 0.0 
0.0 22.0 23.0 
14.0 0.0 16.0 
10.0 18.0 0.0 
0.0 19.0 8.0 
19.0 0.0 20.0 
18.0 12.0 0.0 
0.0 11.0 21.0 
21.0 0.0 19.0 
12.0 6.0 0.0 
0.0 16.0 20.0 
12.0 0.0 24.0 
23.0 15.0 0.0 
0.0 20.0 20.0 
19.0 0.0 22.0 
16.0 19.0 0.0 
0.0 16.0 16.0 
21.0 0.0 10.0 
13.0 15.0 0.0 
0.0 20.0 10.0 
15.0 0.0 23.0 
5.0 23.0 0.0 
0.0 24.0 15.0 
6.0 0.0 18.0 
13.0 22.0 0.0 
0.0 24.0 6.0 
15.0 0.0 16.0 
8.0 21.0 0.0 
0.0 7.0 14.0 
14.0 0.0 14.0 
18.0 7.0 0.0 
0.0 20.0 23.0 
6.0 0.0 5.0 
10.0 6.0 0.0 
0.0 8.0 21.0 
15.0 0.0 7.0 
8.0 8.0 0.0 
0.0 21.0 11.0 
6.0 0.0 23.0 
14.0 13.0 0.0 
0.0 5.0 9.0 
7.0 0.0 24.0 
23.0 20.0 0.0 
0.0 10.0 19.0 
18.0 0.0 11.0 
14.0 12.0 0.0 
0.0 18.0 18.0 
7.0 0.0 5.0 
13.0 7.0 0.0 
0.0 23.0 6.0 
18.0 0.0 16.0 
6.0 15.0 0.0 
0.0 13.0 16.0 
23.0 0.0 12.0 
12.0 19.0 0.0 
0.0 15.0 18.0 
21.0 0.0 20.0 
20.0 19.0 0.0 
0.0 8.0 8.0 
20.0 0.0 15.0 
9.0 22.0 0.0 
0.0 14.0 16.0 
6.0 0.0 21.0 
17.0 11.0 0.0 
0.0 19.0 22.0 
24.0 0.0 14.0 
15.0 6.0 0.0 
0.0 12.0 18.0 
7.0 0.0 11.0 
22.0 19.0 0.0 
0.0 22.0 22.0 
15.0 0.0 12.0 
13.0 6.0 0.0 
0.0 24.0 11.0 
15.0 0.0 20.0 
22.0 5.0 0.0 
0.0 10.0 9.0 
20.0 0.0 12.0 
9.0 24.0 0.0 
0.0 20.0 23.0 
13.0 0.0 24.0 
15.0 13.0 0.0 
0.0 14.0 21.0 
20.0 0.0 21.0 
6.0 13.0 0.0 
0.0 23.0 6.0 
21.0 0.0 17.0 
23.0 5.0 0.0 
0.0 22.0 5.0 
5.0 0.0 15.0 
8.0 23.0 0.0 
0.0 23.0 9.0 
15.0 0.0 9.0 
21.0 13.0 0.0 
0.0 5.0 9.0 
16.0 0.0 9.0 
21.0 12.0 0.0 
0.0 16.0 18.0 
9.0 0.0 8.0 
9.0 18.0 0.0 
0.0 15.0 12.0 
24.0 0.0 16.0 
9.0 22.0 0.0 
0.0 23.0 22.0 
23.0 0.0 24.0 
7.0 18.0 0.0 
0.0 10.0 19.0 
9.0 0.0 19.0 
8.0 9.0 0.0 
0.0 5.0 23.0 
22.0 0.0 11.0 
22.0 21.0 0.0 
0.0 14.0 24.0 
23.0 0.0 9.0 
20.0 8.0 0.0 
0.0 9.0 6.0 
13.0 0.0 8.0 
8.0 12.0 0.0 
0.0 21.0 11.0 
12.0 0.0 9.0 
8.0 23.0 0.0 
0.0 6.0 21.0 
12.0 0.0 9.0 
14.0 19.0 0.0 
0.0 24.0 22.0 
24.0 0.0 15.0 
24.0 16.0 0.0 
0.0 24.0 24.0 
7.0 0.0 22.0 
23.0 20.0 0.0 
0.0 17.0 24.0 
15.0 0.0 14.0 
19.0 15.0 0.0 
0.0 14.0 23.0 
23.0 0.0 14.0 
17.0 22.0 0.0 
0.0 24.0 8.0 
12.0 0.0 12.0 
18.0 16.0 0.0 
0.0 23.0 24.0 
17.0 0.0 6.0 
6.0 18.0 0.0 
0.0 5.0 23.0 
9.0 0.0 5.0 
10.0 14.0 0.0 
0.0 20.0 22.0 
6.0 0.0 23.0 
18.0 10.0 0.0 
0.0 23.0 14.0 
11.0 0.0 16.0 
15.0 8.0 0.0 
0.0 5.0 9.0 
24.0 0.0 19.0 
12.0 22.0 0.0 
0.0 9.0 5.0 
13.0 0.0 24.0 
17.0 20.0 0.0 
0.0 19.0 12.0 
23.0 0.0 22.0 
14.0 16.0 0.0 
0.0 13.0 11.0 
23.0 0.0 24.0 
17.0 22.0 0.0 
